231.00753784179688 264.77069091796875 40.28643287398987 40
219.84735107421875 269.3453063964844 39.60219990232543 40
220.47732543945312 262.4846496582031 40.637297002153716 40
216.64456176757812 254.45663452148438 41.91938908068068 40
224.85659790039062 250.35365295410156 42.606395156623634 40
177.50341796875 256.0920104980469 41.65169638022744 50
177.6349334716797 260.64080810546875 40.9247759174779 50
182.5055694580078 252.9297637939453 42.17244545152265 50
181.37603759765625 252.9912109375 42.162202501579415 50
177.82791137695312 260.5189514160156 40.943918316458124 50
151.70933532714844 201.47848510742188 52.94196380809366 60
157.28399658203125 200.83035278320312 53.112821437810055 60
167.18194580078125 201.10513305664062 53.04025066163991 60
157.7197265625 210.78585815429688 50.60428038231381 60
157.34835815429688 208.37887573242188 51.18880994618511 60
127.8822021484375 159.3004913330078 66.95940845762152 70
131.0308380126953 155.6141357421875 68.54561518973175 70
121.62481689453125 150.9639434814453 70.6570484360571 70
123.28460693359375 145.11265563964844 73.50610888932188 70
128.7422637939453 148.7176055908203 71.72430341579594 70
114.36991882324219 142.8672332763672 74.66139311337196 80
113.104248046875 142.2449188232422 74.98803299906541 80
116.52488708496094 143.94290161132812 74.10345732413117 80
115.30819702148438 146.24468994140625 72.93712114224678 80
115.95660400390625 143.34967041015625 74.41012341463284 80
97.77511596679688 123.17425537109375 86.5981826683719 90
97.3985595703125 124.04109191894531 85.99300845913871 90
93.38980102539062 122.70904541015625 86.9264904719389 90
95.99502563476562 123.57199096679688 86.31945300236153 90
100.08767700195312 122.36125183105469 87.17356603538374 90
96.136474609375 117.88739013671875 90.48182892416317 100
91.03668212890625 112.73095703125 94.62056339776991 100
91.11398315429688 110.80461120605469 96.26554843309454 100
82.41635131835938 111.36372375488281 95.78223776123488 100
83.0233154296875 112.94880676269531 94.4380642203442 100
83.37252807617188 107.82093811035156 98.92945520238052 110
83.31854248046875 105.59477233886719 101.01510169874662 110
80.03733825683594 108.35725402832031 98.43980232166847 110
79.57701110839844 107.44807434082031 99.27275786099706 110
78.86662292480469 107.11196899414062 99.58426464226578 110
80.98858642578125 106.84930419921875 99.82906998419797 120
82.40242004394531 106.31112670898438 100.33443343955476 120
81.89485168457031 106.72506713867188 99.94527951720158 120
77.50360107421875 106.35934448242188 100.28894704620484 120
77.513671875 103.25933837890625 103.29977737728413 120
78.2510986328125 99.93209838867188 106.73914426554082 130
74.13221740722656 96.66963195800781 110.34144281525914 130
74.40603637695312 93.15301513671875 114.50693948028865 130
75.44207763671875 92.48553466796875 115.33335137176796 130
77.47311401367188 96.11376953125 110.97958927933374 130
71.01266479492188 81.01481628417969 131.6631593565635 140
70.75604248046875 85.8106689453125 124.30466744717462 140
72.57064819335938 87.28472900390625 122.20541655332747 140
68.06475830078125 91.14230346679688 117.0331038489995 140
69.00857543945312 89.29396057128906 119.45563393563204 140
64.20123291015625 82.11943054199219 129.89211683844073 150
65.19537353515625 85.26945495605469 125.09364193970686 150
63.76654052734375 83.73434448242188 127.38699672875437 150
63.64288330078125 85.74227905273438 124.40381553313168 150
63.02197265625 83.53627014160156 127.68904630989266 150
