310 310 34.41 30
258 258 41.34 40
215 215 49.61 50
179 179 59.59 60
150 149 71.59 70
124 124 86.02 80
124 124 86.02 90
104 104 102.56 100
86 86 124.03 110
87 87 122.01 120
72 72 148.15 130
72 72 148.15 140
72 72 148.15 150
213.95877075195312 292.09759521484375 36.51747512272778 40
215.40335083007812 300.1534729003906 35.53737547526735 40
218.2490997314453 293.1696472167969 36.38393936047118 40
215.33294677734375 297.4701232910156 35.857942803322956 40
221.54295349121094 286.63006591796875 37.21405370544548 40
179.54022216796875 239.43063354492188 44.55013340916291 50
181.4916534423828 242.2874298095703 44.024845511177794 50
179.30003356933594 236.63201904296875 45.07702173952107 50
182.65377807617188 239.41845703125 44.55239917144067 50
177.97683715820312 236.9540557861328 45.01575898871324 50
141.8384552001953 194.77151489257812 54.76502389248052 60
147.08456420898438 200.66943359375 53.155413236781506 60
144.04403686523438 196.42295837402344 54.304582086354074 60
141.23391723632812 202.91949462890625 52.56600252318577 60
142.024658203125 199.45260620117188 53.47970562945692 60
132.034912109375 162.72610473632812 65.54981872115916 70
130.0625457763672 164.9047393798828 64.68380900863255 70
131.31521606445312 162.70925903320312 65.55660526049094 70
131.6363067626953 161.63807678222656 65.99105160746106 70
130.28271484375 167.0309295654297 63.86042809208159 70
120.07952880859375 147.58575439453125 72.27436489671064 80
121.23367309570312 149.1975860595703 71.4935606425145 80
119.78799438476562 149.24325561523438 71.47168307669804 80
121.47193908691406 148.5396728515625 71.81022054172689 80
117.62678527832031 149.1090087890625 71.5360309433503 80
100.89328002929688 140.2149658203125 76.07366734543982 90
100.88653564453125 138.62326049804688 76.94716332845853 90
102.43589782714844 141.1221923828125 75.58461561971721 90
101.16429138183594 140.23500061035156 76.06279901766048 90
101.8194580078125 140.5221710205078 75.90735745969917 90
97.079345703125 119.32514953613281 89.39160527460052 100
96.41290283203125 126.1614990234375 84.54771661111191 100
96.28335571289062 127.46829223632812 83.68094119352055 100
95.91824340820312 123.43975830078125 86.41192119540271 100
96.57473754882812 126.5361328125 84.29739734872749 100
84.41897583007812 102.71684265136719 103.84535185598104 110
84.029296875 103.50151062011719 103.0580771503583 110
82.13531494140625 104.72868347167969 101.85047985971393 110
83.54751586914062 103.70181274414062 102.85901841450072 110
81.73870849609375 104.59577941894531 101.97989561263907 110
79.028564453125 102.1153564453125 104.4570281883035 120
77.3037109375 101.22418212890625 105.37666437337035 120
78.25299072265625 98.23246765136719 108.58595861119252 120
77.43408203125 98.37100219726562 108.43303848095961 120
77.92340087890625 98.75802612304688 108.00809904175895 120
71.23651123046875 97.51876831054688 109.38065411879327 130
71.13198852539062 95.5537109375 111.63006189935989 130
70.6634521484375 96.32173156738281 110.73998040831206 130
71.13873291015625 95.41232299804688 111.7954822972397 130
71.59527587890625 95.59983825683594 111.57619993048408 130
70.9774169921875 88.13821411132812 121.02204218925414 140
71.49481201171875 88.51437377929688 120.50773463373417 140
70.8018798828125 89.22846984863281 119.54331038917962 140
71.223388671875 89.93963623046875 118.59806325359733 140
71.16433715820312 89.68362426757812 118.93661472513455 140
64.69110107421875 84.43302917480469 126.33286725486408 150
64.69778442382812 85.35330200195312 124.97075586393346 150
64.9444580078125 85.49417114257812 124.76484097235038 150
64.01220703125 86.755615234375 122.9507350947842 150
65.9749755859375 85.66622924804688 124.51425445354079 150