#人脸鼻尖位置：wu_bright_true:[54,0,41],yang_bright_true:[54,0,35],chen_bright_true:[54,0,40]
    #wu_bright_fake:[10,0,30],yang_bright_fake:[10,0,31],chen_bright_fake:[10,0,32],p1_bright_fake:[10,0,33],p2_bright_fake:[10,0,34]
    #光源位置:left:[0,-22.5,13],top:[0,0,29.5],right:[0,20.5,13]
   #在此场景中，外界灯光较强
A_w_bright_true = [[-54, -22.5, -28],
         [-54, -0, -11.5],
         [-54,20.5, -28]]


    A_y_bright_true = [[-54, -22.5, -22],
         [-54, 0, -5.5],
         [-54,20.5, -22]]


    A_c_bright_true = [[-54, -22.5, -27],
                [-54, 0, -10.5],
                [-54, 20.5, -27]]


    A_w_bright_fake = [[-10, -22.5, -17],
                [-10, 0, -0.5],
                [-10, 20.5, -17]]


    A_y_bright_fake = [[-10, -22.5, -18],
                [-10, 0, -1.5],
                [-10, 20.5, -18]]


    A_c_bright_fake = [[-10, -22.5, -19],
                [-10, 0, -2.5],
                [-10, 20.5, -19]]

    A_p1_bright_fake = [[-10, -22.5, -20],
                [-10, 0, -3.5],
                [-10, 20.5, -20]]


    A_p2_bright_fake = [[-10, -22.5, -21],
                [-10, 0, -4.5],
                [-10, 20.5, -21]]